2017 09 01 2017.667  66   7.7  38  44
2017 09 02 2017.670  62   9.6  35  38
2017 09 03 2017.673 117  16.7  32  39
2017 09 04 2017.675 122  15.1  29  36
2017 09 05 2017.678 126  18.2  26  31
2017 09 06 2017.681 111  17.2  27  33
2017 09 07 2017.684 104  11.4  25  31
2017 09 08 2017.686  97  11.1  21  26
2017 09 09 2017.689  69  10.4  26  31
2017 09 10 2017.692  45  10.0  27  32
2017 09 11 2017.695  30   6.0  33  39
2017 09 12 2017.697  12   1.8  33  39
2017 09 13 2017.700  15   4.3  25  31
2017 09 14 2017.703  12   1.8  30  37
2017 09 15 2017.705  12   1.6  33  40
2017 09 16 2017.708  14   2.0  29  34
2017 09 17 2017.711  15   1.9  28  34
2017 09 18 2017.714  14   1.5  18  20
